wps_scripts/src/test/resources/org/noise_planet/noisemodelling/wps/TutoPointSourceDirectivity/zone_dem.asc
ncols        43
nrows        36
xllcorner    373487.500000000000
yllcorner    6693262.500000000000
cellsize     25.000000000000
NODATA_value  -99999
[rows 0 to 21 of 36, columns 0 to 42 of 43]
75.40000152587890625 75.589996337890625 75.90000152587890625 76.089996337890625 76.3000030517578125 76.3000030517578125 76.3000030517578125 76.40000152587890625 76.589996337890625 76.589996337890625 76.589996337890625 76.69000244140625 76.69000244140625 76.90000152587890625 76.8000030517578125 76.8000030517578125 76.5 76.3000030517578125 76 75.69000244140625 75.40000152587890625 75.089996337890625 74.8000030517578125 74.69000244140625 74.69000244140625 74.40000152587890625 74.19000244140625 74.089996337890625 74 74.19000244140625 75.089996337890625 75.589996337890625 76 76.589996337890625 77 77.19000244140625 77.69000244140625 77.8000030517578125 78 78.19000244140625 78.5 78.5 78.5
75.69000244140625 75.90000152587890625 76.19000244140625 76.40000152587890625 76.589996337890625 76.69000244140625 76.8000030517578125 76.90000152587890625 77 77 77 77 77.089996337890625 77.19000244140625 77.089996337890625 77 76.8000030517578125 76.5 76.19000244140625 75.90000152587890625 75.589996337890625 75.40000152587890625 74.8000030517578125 74.90000152587890625 74.90000152587890625 74.8000030517578125 74.8000030517578125 74.589996337890625 74.589996337890625 74.69000244140625 75.3000030517578125 75.589996337890625 76.089996337890625 76.589996337890625 77 77.3000030517578125 77.5 77.589996337890625 77.8000030517578125 77.8000030517578125 78.089996337890625 78.19000244140625 78.3000030517578125
75.90000152587890625 76.089996337890625 76.5 76.69000244140625 76.90000152587890625 77 77.19000244140625 77.3000030517578125 77.3000030517578125 77.3000030517578125 77.3000030517578125 77.40000152587890625 77.5 77.5 77.40000152587890625 77.3000030517578125 77 76.69000244140625 76.40000152587890625 76 75.8000030517578125 75.5 75.3000030517578125 75.40000152587890625 75.19000244140625 75.089996337890625 75.089996337890625 74.90000152587890625 74.90000152587890625 75.089996337890625 75.3000030517578125 75.8000030517578125 76.089996337890625 76.5 76.90000152587890625 77 77.19000244140625 77.5 77.69000244140625 77.8000030517578125 77.69000244140625 78 78
75.5 76.089996337890625 76.69000244140625 77 77.19000244140625 77.3000030517578125 77.5 77.589996337890625 77.589996337890625 77.5 77.69000244140625 77.8000030517578125 77.90000152587890625 77.8000030517578125 77.69000244140625 77.40000152587890625 77.089996337890625 76.90000152587890625 76.589996337890625 76.3000030517578125 76 75.8000030517578125 75.69000244140625 75.8000030517578125 75.5 75.40000152587890625 75.40000152587890625 75.089996337890625 75.19000244140625 75.5 75.5 75.8000030517578125 76.19000244140625 76.40000152587890625 76.589996337890625 76.8000030517578125 77.19000244140625 77.40000152587890625 77.5 77.5 77.69000244140625 77.8000030517578125 77.8000030517578125
76.3000030517578125 76.589996337890625 76.40000152587890625 77.089996337890625 77.5 77.589996337890625 77.8000030517578125 77.8000030517578125 77.90000152587890625 78 78.089996337890625 78.089996337890625 78.089996337890625 78.089996337890625 77.90000152587890625 77.5 77.3000030517578125 77.089996337890625 76.8000030517578125 76.589996337890625 76.3000030517578125 76.089996337890625 75.90000152587890625 75.69000244140625 75.90000152587890625 75.8000030517578125 75.8000030517578125 75.5 75.3000030517578125 75.089996337890625 75.19000244140625 76.089996337890625 76.089996337890625 76.40000152587890625 76.69000244140625 76.8000030517578125 77.089996337890625 77.089996337890625 77.3000030517578125 77.3000030517578125 77.5 77.40000152587890625 77.589996337890625
76.3000030517578125 76.8000030517578125 77.19000244140625 78 77.40000152587890625 77.69000244140625 77.90000152587890625 78 78.19000244140625 78.3000030517578125 78.3000030517578125 78.40000152587890625 78.40000152587890625 78.3000030517578125 78.089996337890625 77.8000030517578125 77.589996337890625 77.40000152587890625 77 76.69000244140625 76.5 76.3000030517578125 76.19000244140625 75.90000152587890625 76.19000244140625 76 75.8000030517578125 75.69000244140625 75.5 75.40000152587890625 75.19000244140625 75.8000030517578125 76.19000244140625 76.40000152587890625 76.589996337890625 76.69000244140625 76.8000030517578125 77.089996337890625 77.19000244140625 77.3000030517578125 77.089996337890625 77.3000030517578125 77.40000152587890625
76.5 77 77.089996337890625 78.3000030517578125 78.589996337890625 78.589996337890625 78.3000030517578125 78.3000030517578125 78.3000030517578125 78.5 78.5 78.589996337890625 78.5 78.40000152587890625 78.3000030517578125 78 77.8000030517578125 77.5 77.19000244140625 77.089996337890625 76.69000244140625 76.40000152587890625 76.40000152587890625 76.19000244140625 76 76.19000244140625 76 75.8000030517578125 75.8000030517578125 75.69000244140625 75.40000152587890625 75.8000030517578125 76.19000244140625 76.40000152587890625 76.5 76.69000244140625 76.8000030517578125 77 77 76.90000152587890625 77.089996337890625 77.089996337890625 77.19000244140625
76.69000244140625 77 77.5 78.3000030517578125 78.589996337890625 78.90000152587890625 79.089996337890625 79.19000244140625 79.19000244140625 78.5 78.5 78.589996337890625 78.589996337890625 78.5 78.3000030517578125 78.089996337890625 78 77.589996337890625 77.40000152587890625 77 77.19000244140625 77 77.19000244140625 76.90000152587890625 76.3000030517578125 76.40000152587890625 76.3000030517578125 76.089996337890625 76 76 75.69000244140625 75.8000030517578125 76.19000244140625 76.40000152587890625 76.589996337890625 76.8000030517578125 76.8000030517578125 76.90000152587890625 76.8000030517578125 77 77 77 77
77 77.40000152587890625 77.69000244140625 78.40000152587890625 78.90000152587890625 79 79.089996337890625 79.19000244140625 79.3000030517578125 78.5 78.69000244140625 78.5 78.40000152587890625 78.089996337890625 78.3000030517578125 78.19000244140625 77.8000030517578125 77.40000152587890625 78 77.69000244140625 77.19000244140625 77.40000152587890625 77.19000244140625 76.90000152587890625 76.8000030517578125 76.589996337890625 76.5 76.3000030517578125 76.3000030517578125 75.90000152587890625 75.90000152587890625 76.19000244140625 75.90000152587890625 76.5 76.589996337890625 76.69000244140625 76.8000030517578125 76.69000244140625 76.90000152587890625 76.90000152587890625 77 76.90000152587890625 76.90000152587890625
77.089996337890625 77.5 77.589996337890625 78.19000244140625 78.69000244140625 79.089996337890625 79.3000030517578125 79.40000152587890625 78.589996337890625 78.90000152587890625 78.8000030517578125 78.69000244140625 78.589996337890625 78.5 78.089996337890625 78.19000244140625 78.089996337890625 78 77.589996337890625 77.8000030517578125 77.589996337890625 77.589996337890625 77.5 77.19000244140625 77.3000030517578125 76.589996337890625 76.69000244140625 76.5 76 76.3000030517578125 76.40000152587890625 76.40000152587890625 76.40000152587890625 76.40000152587890625 76.589996337890625 76.69000244140625 76.69000244140625 76.90000152587890625 76.8000030517578125 76.90000152587890625 77 76.90000152587890625 76.589996337890625
77.19000244140625 77.40000152587890625 77.5 78.089996337890625 78.40000152587890625 78.69000244140625 78.90000152587890625 79 78.8000030517578125 78.90000152587890625 78.69000244140625 78.69000244140625 78.589996337890625 78.589996337890625 78.5 78.089996337890625 78.19000244140625 78.089996337890625 77.90000152587890625 77.589996337890625 77.69000244140625 77.5 77.589996337890625 77.3000030517578125 77.19000244140625 76.5 76.8000030517578125 76.3000030517578125 76.69000244140625 76.69000244140625 76.69000244140625 76.69000244140625 76.589996337890625 76.589996337890625 76.589996337890625 76.69000244140625 76.90000152587890625 76.8000030517578125 77 77 76.69000244140625 76.8000030517578125 76.5
77.3000030517578125 77.69000244140625 78.089996337890625 77.90000152587890625 78.19000244140625 78.3000030517578125 78.5 78.3000030517578125 78.8000030517578125 78.69000244140625 78.8000030517578125 78.69000244140625 78.589996337890625 78.69000244140625 78.3000030517578125 78.3000030517578125 78.19000244140625 78 77.8000030517578125 77.8000030517578125 77.589996337890625 77.3000030517578125 77.089996337890625 77 77 76.69000244140625 76.5 76.589996337890625 76.8000030517578125 76.90000152587890625 77 76.8000030517578125 76.8000030517578125 76.8000030517578125 76.8000030517578125 77 77.089996337890625 77.089996337890625 77 77.089996337890625 76.90000152587890625 76.69000244140625 76.69000244140625
77.40000152587890625 77.69000244140625 77.8000030517578125 78.19000244140625 78.3000030517578125 78.19000244140625 78.19000244140625 78.589996337890625 78.69000244140625 78.69000244140625 78.69000244140625 78.69000244140625 78.69000244140625 78.40000152587890625 78.5 78.40000152587890625 78.19000244140625 78 78 77.8000030517578125 77.589996337890625 77.5 77.3000030517578125 77.19000244140625 77 76.8000030517578125 76.90000152587890625 76.589996337890625 76.8000030517578125 77.089996337890625 77 76.90000152587890625 76.90000152587890625 76.90000152587890625 77.089996337890625 77.3000030517578125 77.5 77.589996337890625 77.089996337890625 76.8000030517578125 76.8000030517578125 76.69000244140625 76.5
77.3000030517578125 77.589996337890625 77.8000030517578125 78.19000244140625 78.3000030517578125 78.40000152587890625 78.40000152587890625 78.5 78.69000244140625 78.69000244140625 78.69000244140625 78.69000244140625 78.69000244140625 78.40000152587890625 78.589996337890625 78.5 78.3000030517578125 78.19000244140625 78 77.69000244140625 77.8000030517578125 77.5 77.40000152587890625 77.3000030517578125 77.089996337890625 77.089996337890625 77 77 76.90000152587890625 76.589996337890625 77 77 77 77 77.19000244140625 77.5 77.8000030517578125 77.90000152587890625 77.5 76.8000030517578125 76.589996337890625 76.589996337890625 76.19000244140625
77.8000030517578125 77.5 77.8000030517578125 78 78.089996337890625 78.3000030517578125 78.3000030517578125 78.5 78.5 78.589996337890625 78.589996337890625 78.69000244140625 78.589996337890625 78.69000244140625 78.5 78.3000030517578125 78.3000030517578125 78.19000244140625 77.90000152587890625 78 77.589996337890625 77.589996337890625 77.5 77.3000030517578125 77.3000030517578125 77.089996337890625 77.089996337890625 77.089996337890625 77 77 77 77.089996337890625 77.089996337890625 77 77.19000244140625 77.5 77.8000030517578125 77.8000030517578125 77.5 77.19000244140625 76.69000244140625 76.3000030517578125 76.19000244140625
77.69000244140625 77.19000244140625 77.589996337890625 77.8000030517578125 78 78.19000244140625 78.40000152587890625 78.5 78.589996337890625 78.589996337890625 78.589996337890625 78.5 78.589996337890625 78.589996337890625 78.5 78.40000152587890625 78.40000152587890625 78.089996337890625 78.19000244140625 77.90000152587890625 77.8000030517578125 77.589996337890625 77.3000030517578125 77.3000030517578125 77.089996337890625 77.19000244140625 77.089996337890625 77.089996337890625 77 77 77 77.089996337890625 77.089996337890625 77 77 77.19000244140625 77.40000152587890625 77.40000152587890625 77.3000030517578125 77.3000030517578125 76.90000152587890625 76.3000030517578125 75.90000152587890625
76.90000152587890625 77.3000030517578125 77.5 77.69000244140625 77.8000030517578125 78 78.19000244140625 78.5 78.589996337890625 78.589996337890625 78.5 78.5 78.589996337890625 78.589996337890625 78.589996337890625 78.589996337890625 78.40000152587890625 78.40000152587890625 78.19000244140625 77.90000152587890625 77.8000030517578125 77.5 77.589996337890625 77.40000152587890625 77.3000030517578125 77 77.089996337890625 77.089996337890625 77 77.089996337890625 77.089996337890625 77.089996337890625 77.089996337890625 77 76.90000152587890625 76.90000152587890625 76.90000152587890625 77 77 76.90000152587890625 76.589996337890625 76.19000244140625 76.089996337890625
76.589996337890625 77.19000244140625 77.5 77.589996337890625 77.69000244140625 78 78.3000030517578125 78.40000152587890625 78.589996337890625 78.589996337890625 78.589996337890625 78.589996337890625 78.589996337890625 78.69000244140625 78.69000244140625 78.589996337890625 78.5 78.3000030517578125 78.19000244140625 78 77.69000244140625 77.69000244140625 77.5 77.40000152587890625 77.3000030517578125 77.19000244140625 77.089996337890625 76.90000152587890625 76.90000152587890625 77 77 77 77 76.90000152587890625 76.90000152587890625 76.8000030517578125 76.69000244140625 76.69000244140625 76.69000244140625 76.40000152587890625 76.19000244140625 76.089996337890625 75.90000152587890625
76.5 76.90000152587890625 77.5 77.589996337890625 77.8000030517578125 78 78.3000030517578125 78.40000152587890625 78.5 78.40000152587890625 78.589996337890625 78.69000244140625 78.69000244140625 78.8000030517578125 78.69000244140625 78.69000244140625 78.5 78.40000152587890625 78.19000244140625 78 77.8000030517578125 77.69000244140625 77.589996337890625 77.40000152587890625 77.3000030517578125 77.3000030517578125 77.19000244140625 77 76.90000152587890625 76.90000152587890625 76.8000030517578125 77 76.90000152587890625 76.90000152587890625 76.69000244140625 76.69000244140625 76.69000244140625 76.69000244140625 76.5 76.40000152587890625 76.19000244140625 76.089996337890625 75.90000152587890625
77.8000030517578125 77.5 77.40000152587890625 77.19000244140625 77.40000152587890625 77.589996337890625 77.90000152587890625 78.19000244140625 78.3000030517578125 78.5 78.69000244140625 78.8000030517578125 78.8000030517578125 78.8000030517578125 78.69000244140625 78.589996337890625 78.5 78.40000152587890625 78.19000244140625 78.089996337890625 77.90000152587890625 77.8000030517578125 77.589996337890625 77.5 77.40000152587890625 77.19000244140625 77.19000244140625 77 76.90000152587890625 76.8000030517578125 76.8000030517578125 76.8000030517578125 76.8000030517578125 76.69000244140625 76.589996337890625 76.69000244140625 76.589996337890625 76.5 76.40000152587890625 76.3000030517578125 76 76.089996337890625 75.90000152587890625
77.90000152587890625 77.589996337890625 77.5 77.69000244140625 78.8000030517578125 79 78.5 78.40000152587890625 78.5 78.8000030517578125 78.8000030517578125 78.8000030517578125 79 78.90000152587890625 78.8000030517578125 78.5 78.40000152587890625 78.40000152587890625 78.3000030517578125 78.089996337890625 77.8000030517578125 77.8000030517578125 77.589996337890625 77.40000152587890625 77.19000244140625 77.089996337890625 77.089996337890625 76.90000152587890625 76.8000030517578125 76.69000244140625 76.589996337890625 76.69000244140625 76.589996337890625 76.5 76.5 76.5 76.5 76.40000152587890625 76.3000030517578125 76.19000244140625 76.19000244140625 75.90000152587890625 75.69000244140625
77.40000152587890625 77.40000152587890625 77.589996337890625 77.8000030517578125 77.8000030517578125 78.69000244140625 79.19000244140625 78.19000244140625 78.589996337890625 78.69000244140625 78.8000030517578125 78.8000030517578125 78.90000152587890625 78.90000152587890625 78.90000152587890625 78.589996337890625 78.5 78.40000152587890625 78.19000244140625 78.089996337890625 77.90000152587890625 77.69000244140625 77.5 77.3000030517578125 77.19000244140625 77 76.8000030517578125 76.8000030517578125 76.69000244140625 76.40000152587890625 76.589996337890625 76.589996337890625 76.5 76.40000152587890625 76.589996337890625 76.5 76.40000152587890625 76.3000030517578125 76.089996337890625 76 75.8000030517578125 75.69000244140625 75.589996337890625
